0 0.856567 0.260800 0.072581 0.115200
0 0.765553 0.813600 0.038018 0.056000
0 0.294355 0.833600 0.074885 0.112000
0 0.377880 0.119200 0.027650 0.059200
2 0.673387 0.364000 0.040323 0.094400
2 0.620392 0.290400 0.084101 0.091200
2 0.540323 0.128800 0.080645 0.104000
2 0.577765 0.201600 0.084101 0.099200
2 0.788018 0.471200 0.066820 0.078400
2 0.834101 0.548000 0.073733 0.078400
2 0.879608 0.626400 0.067972 0.094400
2 0.266129 0.780800 0.043779 0.092800
2 0.116935 0.551200 0.081797 0.107200
2 0.150922 0.624800 0.080645 0.094400
2 0.204493 0.707200 0.084101 0.089600
5 0.211982 0.940000 0.046083 0.043200
