0 0.9547571523619428 0.037283621837549935 0.015968063872255488 0.009320905459387484
0 0.8449767132401863 0.040279627163781626 0.01330671989354624 0.011318242343541944
0 0.7771124417831005 0.14014647137150466 0.007984031936127744 0.009986684420772303
0 0.654690618762475 0.2097203728362184 0.007984031936127744 0.009320905459387484
0 0.5385894876912841 0.2526631158455393 0.007318695941450432 0.009986684420772303
0 0.4204923486360612 0.32390146471371506 0.0053226879574184965 0.009986684420772303
0 0.3073852295409182 0.2826231691078562 0.00665335994677312 0.007323568575233023
0 0.22255489021956087 0.3711717709720373 0.00998003992015968 0.008655126498002663
0 0.21956087824351297 0.5635818908122503 0.00665335994677312 0.007323568575233023
0 0.16234198270126413 0.5625832223701731 0.0053226879574184965 0.007989347536617843
0 0.06320691949434465 0.6344873501997337 0.009314703925482368 0.010652463382157125
0 0.18562874251497005 0.6784287616511319 0.011976047904191617 0.011984021304926764
0 0.10079840319361277 0.7906125166444741 0.007318695941450432 0.008655126498002663
0 0.04291417165668663 0.9221038615179761 0.00998003992015968 0.007989347536617843
0 0.005988023952095809 0.746005326231691 0.007984031936127744 0.011318242343541944
0 0.3669328010645376 0.6035286284953395 0.008649367930805056 0.008655126498002663
0 0.3812375249500998 0.43608521970705727 0.009314703925482368 0.007989347536617843
0 0.5093147039254824 0.49833555259653795 0.00998003992015968 0.008655126498002663
0 0.6367265469061876 0.5615845539280959 0.009314703925482368 0.011318242343541944
0 0.729208250166334 0.6068575233022636 0.009314703925482368 0.008655126498002663
0 0.8143712574850299 0.818242343541944 0.014637391882900865 0.013315579227696404
0 0.6909514304723886 0.8185752330226365 0.011310711909514305 0.012649800266311585
0 0.627744510978044 0.7107190412782957 0.012641383898868928 0.008655126498002663
0 0.6367265469061876 0.929427430093209 0.010645375914836993 0.010652463382157125
0 0.5572188955422488 0.9753661784287616 0.00998003992015968 0.006657789613848202
0 0.46041250831669994 0.5729027962716379 0.01330671989354624 0.008655126498002663
0 0.3003992015968064 0.4440745672436751 0.007318695941450432 0.007989347536617843
0 0.10911510312707917 0.8475366178428761 0.009314703925482368 0.017310252996005325
0 0.34597471723220224 0.9394141145139814 0.010645375914836993 0.011984021304926764
0 0.15701929474384566 0.6827563249001332 0.00665335994677312 0.008655126498002663
0 0.4208250166333999 0.7643142476697736 0.011310711909514305 0.013315579227696404
0 0.8792415169660679 0.6800932090545939 0.008649367930805056 0.007323568575233023
0 0.6776447105788423 0.703728362183755 0.008649367930805056 0.010652463382157125