0 0.3637505232314776 0.12393707482993198 0.019254918375889492 0.008928571428571428
0 0.40435328589367936 0.2706207482993197 0.012557555462536627 0.006377551020408163
0 0.45207199665131853 0.42091836734693877 0.012557555462536627 0.011054421768707483
0 0.4943491000418585 0.57546768707483 0.011720385098367517 0.00977891156462585
0 0.5167434072833822 0.7355442176870748 0.011301799916282964 0.00935374149659864
0 0.5809962327333612 0.8992346938775511 0.01506906655504395 0.006802721088435374
0 0.6174131435747174 0.8482142857142857 0.0050230221850146506 0.015306122448979591
0 0.4876517371285056 0.8777636054421769 0.008371703641691083 0.013180272108843538
0 0.3869820008371704 0.9292091836734694 0.009627459187944746 0.010629251700680272
0 0.30473001255755544 0.9914965986394558 0.010046044370029301 0.011054421768707483
0 0.7141063206362495 0.8418367346938775 0.004185851820845542 0.012755102040816327
0 0.8197990791125994 0.8630952380952381 0.007115948095437421 0.013605442176870748
0 0.9150272080368355 0.8988095238095238 0.0058601925491837585 0.01445578231292517
0 0.9786521557136877 0.9357993197278912 0.009208874005860193 0.01445578231292517
0 0.07890330682293847 0.7971938775510204 0.01297614064462118 0.01020408163265306
0 0.014022603599832565 0.8792517006802721 0.01297614064462118 0.008503401360544218
0 0.017371285056509 0.36054421768707484 0.00795311845960653 0.008503401360544218
0 0.10129761406446212 0.39200680272108845 0.008371703641691083 0.008503401360544218
0 0.2944746755964839 0.2844387755102041 0.009627459187944746 0.006802721088435374
0 0.22959397237337797 0.3656462585034014 0.0054416073670992045 0.007653061224489796
0 0.16680619506069486 0.44260204081632654 0.0054416073670992045 0.00510204081632653