0 0.3970345963756178 0.4289965986394558 0.013179571663920923 0.013605442176870748
0 0.17112850082372322 0.4791666666666667 0.00700164744645799 0.005952380952380952
0 0.5086490939044481 0.4906462585034014 0.009884678747940691 0.007653061224489796
0 0.7878912685337727 0.5036139455782312 0.007413509060955519 0.00467687074829932
0 0.7116968698517299 0.5104166666666666 0.007413509060955519 0.00467687074829932
0 0.10378912685337727 0.05335884353741496 0.008237232289950576 0.003826530612244898
0 0.13838550247116968 0.5508078231292517 0.007413509060955519 0.0055272108843537416
0 0.7938632619439868 0.5729166666666666 0.00700164744645799 0.00467687074829932
0 0.7164332784184514 0.579719387755102 0.007825370675453048 0.002976190476190476
0 0.4233937397034596 0.5994897959183674 0.009060955518945634 0.008503401360544218
0 0.26873970345963755 0.6118197278911565 0.013591433278418451 0.015306122448979591
0 0.10626029654036244 0.6207482993197279 0.005766062602965404 0.00510204081632653
0 0.8966227347611203 0.06738945578231292 0.011532125205930808 0.008078231292517007
0 0.14332784184514002 0.006802721088435374 0.009884678747940691 0.007653061224489796
0 0.0735172981878089 0.6917517006802721 0.007825370675453048 0.005952380952380952
0 0.33875617792421747 0.7042942176870748 0.008649093904448105 0.010629251700680272
0 0.04921746293245469 0.07291666666666667 0.0037067545304777594 0.00467687074829932
0 0.4390444810543657 0.7332057823129252 0.009060955518945634 0.007227891156462585
0 0.04118616144975288 0.7616921768707483 0.008237232289950576 0.0055272108843537416
0 0.4997940691927512 0.7838010204081632 0.006177924217462933 0.006377551020408163
0 0.22302306425041185 0.07971938775510204 0.00700164744645799 0.0055272108843537416
0 0.2650329489291598 0.798469387755102 0.007825370675453048 0.011054421768707483
0 0.15939044481054365 0.8078231292517006 0.01400329489291598 0.011904761904761904
0 0.5836079077429983 0.8352465986394558 0.009884678747940691 0.00977891156462585
0 0.6721581548599671 0.86203231292517 0.004118616144975288 0.00977891156462585
0 0.19048599670510707 0.8924319727891157 0.009472817133443162 0.01020408163265306
0 0.7646210873146623 0.8956207482993197 0.006177924217462933 0.012329931972789115
0 0.34287479406919275 0.9326105442176871 0.01029654036243822 0.008078231292517007
0 0.8616144975288303 0.9328231292517006 0.004118616144975288 0.013605442176870748
0 0.3478171334431631 0.09502551020408163 0.007825370675453048 0.00467687074829932
0 0.9608731466227347 0.9585459183673469 0.013179571663920923 0.007227891156462585
0 0.4584019769357496 0.9738520408163265 0.009884678747940691 0.006377551020408163
0 0.2782125205930807 0.09906462585034014 0.008649093904448105 0.007653061224489796
0 0.11037891268533773 0.9914965986394558 0.009060955518945634 0.006802721088435374
0 0.3035420098846787 0.11054421768707483 0.005766062602965404 0.003401360544217687
0 0.12870675453047775 0.11181972789115646 0.0037067545304777594 0.005952380952380952
0 0.207166392092257 0.15178571428571427 0.0032948929159802307 0.006802721088435374
0 0.782331136738056 0.1558248299319728 0.011120263591433279 0.008078231292517007
0 0.31507413509060955 0.16624149659863946 0.007413509060955519 0.00510204081632653
0 0.28212520593080725 0.19238945578231292 0.004118616144975288 0.002976190476190476
0 0.38158978583196046 0.022746598639455783 0.007825370675453048 0.0055272108843537416
0 0.2959225700164745 0.2606292517006803 0.00700164744645799 0.005952380952380952
0 0.6876029654036244 0.2648809523809524 0.01029654036243822 0.007653061224489796
0 0.00844316309719934 0.02976190476190476 0.005354200988467875 0.003401360544217687
0 0.253500823723229 0.32716836734693877 0.005354200988467875 0.003826530612244898
0 0.22528830313014828 0.36096938775510207 0.008237232289950576 0.006802721088435374
0 0.5986408566721582 0.37691326530612246 0.011120263591433279 0.008078231292517007
0 0.20387149917627678 0.4071003401360544 0.006589785831960461 0.0055272108843537416