0 0.14795872588604755 0.4285002130379208 0.023719156572454013 0.012522368981678739
0 0.549533423059668 0.4378696207925011 0.005163750560789592 0.003370259906263315
0 0.028936742934051143 0.4776310183212612 0.01031852848811126 0.010225820195994887
0 0.6173171825930911 0.4951001278227524 0.01256168685509197 0.009373668512995313
0 0.15222969941677883 0.5136685129953131 0.015796321220278152 0.010281210055389858
0 0.9080663974876626 0.053242437153813375 0.016218034993270524 0.011048146570089476
0 0.03582772543741588 0.5455986365573072 0.015302826379542396 0.01683851725607158
0 0.2815343203230148 0.5585939497230507 0.020148048452220724 0.012628887942053685
0 0.5592193808882907 0.5654026416702173 0.00762673844773441 0.005965061780997018
0 0.45887842081650965 0.569867916489135 0.007209510991475998 0.003655730720068172
0 0.40868102288021535 0.5711163187047295 0.006917900403768506 0.0032807839795483597
0 0.9598474652310454 0.5907541542394547 0.012113055181695828 0.007243289305496378
0 0.404306864064603 0.5966041755432467 0.015432929564827277 0.013434171282488283
0 0.5529385374607447 0.6527481891776736 0.011215791834903545 0.014486578610992756
0 0.8665320771646479 0.6706433745206647 0.013907581875280395 0.008521516829995739
0 0.7279048900852401 0.7083510864933958 0.008524001794526694 0.013208351086493396
0 0.5271422162404665 0.7096293140178952 0.003589053387169134 0.005538985939497231
0 0.41027366532077164 0.07158074137196421 0.013907581875280395 0.007669365146996165
0 0.4993270524899058 0.7366851299531316 0.005383580080753701 0.0051129100979974435
0 0.8826828174069089 0.7607584149978697 0.008524001794526694 0.012356199403493822
0 0.5437415881561238 0.8289305496378355 0.02781516375056079 0.02684277801448658
0 0.5082996859578286 0.08308478909245846 0.01256168685509197 0.007669365146996165
0 0.46029609690444145 0.8442692799318279 0.008075370121130552 0.004686834256497656
0 0.7209510991475998 0.8864507882403068 0.028712427097353072 0.02684277801448658
0 0.4459398833557649 0.8866638261610567 0.005383580080753701 0.006817213463996591
0 0.45962314939434723 0.9294844482317852 0.006729475100942127 0.0038346825734980826
0 0.9035441902198296 0.948018747337026 0.026917900403768506 0.02556455048998722
0 0.40793180798564377 0.9503621644652748 0.02088829071332436 0.012356199403493822
0 0.4227321668909825 0.9527567106945036 0.007640197397936295 0.00691947166595654
0 0.44365186182144456 0.9809118023008094 0.008802153432032302 0.006131231359181934
0 0.48138178555406014 0.9810396250532595 0.005383580080753701 0.006391137622496805
0 0.836747420367878 0.14875159778440564 0.0171511888739345 0.010323817639539839
0 0.6482727680574248 0.20494247976139754 0.011664423508299685 0.007669365146996165
0 0.7753746074472857 0.23040903280783978 0.01642440556303275 0.010029825308904984
0 0.5746971736204576 0.2452066467831274 0.00986989681471512 0.007243289305496378
0 0.6538806639748767 0.29867916489135066 0.008524001794526694 0.006817213463996591
0 0.7135217586361597 0.314017895185343 0.015939883355764916 0.01044311887515978
0 0.22153432032301482 0.3310438858116745 0.025715567519066847 0.01149978696207925
0 0.6289816061013908 0.3466126970600767 0.004486316733961417 0.005538985939497231
0 0.31987438313144906 0.0391989774179804 0.0026917900403768506 0.004260758414997869
0 0.6745177209510992 0.4181934384320409 0.011215791834903545 0.011504047720494247