0 0.7287841191066997 0.4318278653600341 0.009429280397022333 0.01406050276949297
0 0.9535980148883375 0.4708138048572646 0.005459057071960298 0.02812100553898594
0 0.7967741935483871 0.5 0.021339950372208438 0.007243289305496378
0 0.31245657568238216 0.5410012782275245 0.002858560794044665 0.003689816787388155
0 0.24397022332506205 0.5433446953557733 0.004580645161290323 0.0052535151256923734
0 0.20186104218362283 0.5473498082658713 0.013647642679900745 0.005858542820622071
0 0.3059156327543424 0.6247166595654027 0.005811414392059554 0.004580315296122709
0 0.8915632754342432 0.6333617383894333 0.004466501240694789 0.005538985939497231
0 0.9789081885856079 0.6414571793779292 0.0034739454094292804 0.005538985939497231
0 0.7863523573200992 0.6525351512569237 0.01141439205955335 0.004686834256497656
0 0.479970223325062 0.7386280357903706 0.0037667493796526056 0.00515977844056242
0 0.11712158808933003 0.7682147422241159 0.011910669975186104 0.0051129100979974435
0 0.9057071960297767 0.7967618236046016 0.008933002481389578 0.017895185342991053
0 0.7588089330024814 0.8033659991478483 0.018858560794044667 0.0021303792074989347
0 0.9895781637717121 0.08713250958670643 0.012903225806451613 0.0293992330634853
0 0.19751861042183622 0.8728163613123135 0.005955334987593052 0.004686834256497656
0 0.3218362282878412 0.878142309331061 0.004466501240694789 0.0051129100979974435
0 0.45136476426799005 0.8821900298253089 0.004466501240694789 0.0038346825734980826
0 0.6215880893300249 0.9032807839795484 0.0024813895781637717 0.0034086067319982955
0 0.5071960297766749 0.9522795057520239 0.002977667493796526 0.0034086067319982955
0 0.7411910669975186 0.9546229228802727 0.025310173697270472 0.004686834256497656
0 0.05533498759305211 0.9582445675330209 0.005459057071960298 0.005965061780997018
0 0.5076923076923077 0.9595227950575203 0.003970223325062035 0.004260758414997869
0 0.32531017369727044 0.1397656582871751 0.013399503722084368 0.005986365573072007
0 0.5972704714640199 0.2028121005538986 0.007444168734491315 0.004260758414997869
0 0.5836228287841191 0.27226246271836385 0.00794044665012407 0.004260758414997869
0 0.2913151364764268 0.2911930123561994 0.013895781637717122 0.0037750319556881123
0 0.569727047146402 0.3498082658713251 0.006947890818858561 0.004260758414997869
0 0.3337468982630273 0.3802726885385599 0.005459057071960298 0.013208351086493396
0 0.49057071960297766 0.40072432893054966 0.007444168734491315 0.014912654452492544
0 0.25564764267990076 0.40648913506604173 0.013037220843672457 0.005138474648487431
0 0.8141439205955335 0.04111631870472944 0.014392059553349877 0.023434171282488283
0 0.6148883374689826 0.41606305922454195 0.006947890818858561 0.013208351086493396