0 0.5309423347398031 0.05006391137622497 0.014064697609001406 0.007243289305496378
0 0.4964838255977497 0.10673199829569663 0.011251758087201125 0.004686834256497656
0 0.46272855133614627 0.16467831273966765 0.009845288326300985 0.005538985939497231
0 0.6659634317862166 0.06604175543246697 0.009845288326300985 0.008521516829995739
0 0.6209563994374121 0.13975287601193012 0.008438818565400843 0.011077971878994461
0 0.5794655414908579 0.21644652748189178 0.011251758087201125 0.010225820195994887
0 0.4265119549929676 0.22518108223263741 0.010548523206751054 0.005538985939497231
0 0.5348101265822784 0.29377929271410314 0.011954992967651195 0.011504047720494247
0 0.3547819971870605 0.08393694077545803 0.01617440225035162 0.008521516829995739
0 0.21378340365682139 0.23327652322113338 0.02531645569620253 0.014912654452492544
0 0.30414908579465544 0.344056242011078 0.02180028129395218 0.020025564550489986
0 0.08860759493670886 0.3958244567533021 0.02812939521800281 0.013634426927993182
0 0.5843881856540084 0.3785683851725607 0.011251758087201125 0.015764806135492117
0 0.8030942334739803 0.4250106518960375 0.014064697609001406 0.019173412867490414
0 0.5639943741209564 0.5336599914784832 0.01969057665260197 0.017469109501491265
0 0.4317862165963432 0.507882403067746 0.02109704641350211 0.020451640391989774
0 0.290084388185654 0.4801874733702599 0.014767932489451477 0.0195994887089902
0 0.47257383966244726 0.6947166595654026 0.01828410689170183 0.020025564550489986
0 0.3421237693389592 0.6653174265019174 0.014767932489451477 0.020025564550489986
0 0.3808016877637131 0.8527907967618236 0.01617440225035162 0.021729867916489135
0 0.25035161744022505 0.8248828291435876 0.012658227848101266 0.024712398806987643
0 0.11181434599156118 0.7929271410311035 0.016877637130801686 0.017043033659991477
0 0.011603375527426161 0.5161908819769919 0.02180028129395218 0.0097997443544951
0 0.2011251758087201 0.6363442692799318 0.015471167369901548 0.020025564550489986
0 0.02250351617440225 0.06327226246271836 0.014064697609001406 0.008095440988495952
0 0.16631504922644164 0.16212185769066895 0.011954992967651195 0.006391137622496805
0 0.2770745428973277 0.04857264593097571 0.012658227848101266 0.006817213463996591
0 0.3888888888888889 0.2925010651896037 0.007032348804500703 0.006391137622496805