0 0.4462773722627737 0.44347269624573377 0.008467153284671533 0.008959044368600682
0 0.21036496350364964 0.6090017064846417 0.0072992700729927005 0.009812286689419795
0 0.8557430656934307 0.644330204778157 0.003305109489051095 0.008792662116040956
0 0.16598540145985402 0.6572098976109215 0.003211678832116788 0.005546075085324232
0 0.7096350364963504 0.6582764505119454 0.0037956204379562043 0.005119453924914676
0 0.5743065693430657 0.6757679180887372 0.004087591240875913 0.0017064846416382253
0 0.14744525547445256 0.6793941979522184 0.005255474452554744 0.005546075085324232
0 0.5081751824817519 0.6849402730375427 0.004963503649635037 0.0038395904436860067
0 0.11751824817518249 0.7207764505119454 0.004963503649635037 0.005546075085324232
0 0.9116788321167884 0.0074658703071672355 0.014306569343065694 0.014078498293515358
0 0.12102189781021898 0.7736774744027304 0.004963503649635037 0.0063993174061433445
0 0.1554744525547445 0.77410409556314 0.0037956204379562043 0.0038395904436860067
0 0.09007299270072992 0.8142064846416383 0.013722627737226278 0.01834470989761092
0 0.20306569343065695 0.8291382252559727 0.004379562043795621 0.00469283276450512
0 0.5014598540145986 0.08681740614334471 0.004379562043795621 0.0063993174061433445
0 0.24423357664233578 0.8786262798634812 0.0037956204379562043 0.005546075085324232
0 0.7916788321167884 0.8924914675767918 0.003211678832116788 0.005972696245733789
0 0.5745985401459854 0.09534982935153584 0.008175182481751826 0.008105802047781569
0 0.4364963503649635 0.952005119453925 0.0075912408759124085 0.013225255972696246
0 0.01927007299270073 0.9648037542662116 0.012846715328467153 0.016638225255972697
0 0.3478832116788321 0.12265358361774745 0.016058394160583942 0.02773037542662116
0 0.47197080291970805 0.12372013651877133 0.004963503649635037 0.005119453924914676
0 0.3727007299270073 0.1407849829351536 0.004379562043795621 0.005972696245733789
0 0.44306569343065694 0.14867747440273038 0.004379562043795621 0.0063993174061433445
0 0.3957664233576642 0.1542235494880546 0.004379562043795621 0.0063993174061433445
0 0.8672992700729927 0.21651023890784982 0.006715328467153284 0.012372013651877133
0 0.7506569343065693 0.2391211604095563 0.008759124087591242 0.007252559726962458
0 0.5201459854014598 0.03007679180887372 0.0020437956204379564 0.0063993174061433445
0 0.46262773722627737 0.302901023890785 0.006715328467153284 0.012798634812286689
0 0.6001459854014598 0.35494880546075086 0.009051094890510949 0.012798634812286689
0 0.982043795620438 0.4189419795221843 0.010218978102189781 0.011092150170648464