0 0.6125889846384414 0.02366737739872068 0.013488197826901461 0.009808102345415778
0 0.5758711127763207 0.1537313432835821 0.011989509179467965 0.007249466950959489
0 0.5391532409142 0.2823027718550107 0.011989509179467965 0.01023454157782516
0 0.4681528662420382 0.5353944562899787 0.010865492693892843 0.008955223880597015
0 0.4299363057324841 0.664818763326226 0.013862869988759834 0.009381663113006396
0 0.39490445859872614 0.794456289978678 0.011240164855751217 0.00767590618336887
0 0.35687523417010114 0.9230277185501066 0.010865492693892843 0.00810234541577825
0 0.42319220681903336 0.9140724946695096 0.013113525665043087 0.012366737739872069
0 0.6071562382914949 0.982089552238806 0.012364181341326339 0.011087420042643924
0 0.20269763956538028 0.9104477611940298 0.01049082053203447 0.013646055437100213
0 0.8184713375796179 0.54136460554371 0.012364181341326339 0.011513859275053304
0 0.20213563132259274 0.5449893390191898 0.010865492693892843 0.00767590618336887
0 0.01742225552641439 0.5046908315565032 0.008617459722742601 0.008955223880597015
0 0.5026227051330087 0.41044776119402987 0.013862869988759834 0.009808102345415778
0 0.5033720494567253 0.9432835820895522 0.012364181341326339 0.011087420042643924
0 0.2197452229299363 0.27057569296375267 0.007118771075309105 0.011513859275053304
0 0.1637317347321094 0.09189765458422175 0.005245410266017235 0.00810234541577825
0 0.23154739602847507 0.1509594882729211 0.007493443237167478 0.00767590618336887
0 0.3145372798801049 0.17249466950959488 0.010116148370176097 0.00810234541577825
0 0.2727613338328962 0.10213219616204691 0.009741476208317721 0.006396588486140725
0 0.19876358186586737 0.008528784648187633 0.006369426751592357 0.00767590618336887
0 0.3415136755339078 0.04818763326226013 0.006369426751592357 0.00767590618336887
0 0.4713375796178344 0.11172707889125799 0.007493443237167478 0.009381663113006396
0 0.4975646309479206 0.022174840085287847 0.007493443237167478 0.009381663113006396
0 0.5421506182090671 0.0880597014925373 0.008242787560884226 0.008955223880597015
0 0.4767703259647808 0.31684434968017056 0.010116148370176097 0.008528784648187633
0 0.10734357437242413 0.211727078891258 0.007118771075309105 0.011513859275053304
0 0.11577369801423754 0.08550106609808103 0.011240164855751217 0.010660980810234541
0 0.07081303859123267 0.1904051172707889 0.011989509179467965 0.010660980810234541