0 0.8921933085501859 0.8173803526448362 0.006372809346787042 0.013853904282115869
0 0.11630377057886351 0.8302896725440806 0.015932023366967606 0.009445843828715366
0 0.07727031332979288 0.9833123425692695 0.012214551248008496 0.00818639798488665
0 0.16755177907594265 0.6678211586901763 0.014338821030270845 0.009445843828715366
0 0.21853425385023897 0.5062972292191436 0.015400955921402018 0.010075566750629723
0 0.26845459373340413 0.3438287153652393 0.012214551248008496 0.010075566750629723
0 0.31571959638874136 0.18797229219143577 0.012214551248008496 0.009445843828715366
0 0.3539564524694636 0.018261964735516372 0.011152416356877323 0.007556675062972292
0 0.1579925650557621 0.934823677581864 0.006903876792352629 0.010705289672544081
0 0.5443441317047265 0.30636020151133503 0.012745618693574084 0.014483627204030227
0 0.5517790759426447 0.08375314861460957 0.01168348380244291 0.011335012594458438
0 0.512745618693574 0.2052896725440806 0.016463090812533193 0.010075566750629723
0 0.8037705788635157 0.943639798488665 0.007966011683483803 0.011964735516372796
0 0.7331386086032926 0.7843198992443325 0.015400955921402018 0.01700251889168766
0 0.6858736059479554 0.9357682619647355 0.016463090812533193 0.017632241813602016