0 0.4934243803743045 0.4486140724946695 0.00556398583712696 0.023880597014925373
0 0.6762771876580678 0.449680170575693 0.02225594334850784 0.014925373134328358
0 0.8500252908447142 0.45714285714285713 0.0065756196256954984 0.0162046908315565
0 0.3161355589276682 0.46460554371002133 0.0070814365199797676 0.014072494669509595
0 0.18892261001517452 0.46631130063965887 0.00556398583712696 0.013219616204690832
0 0.14466363176530095 0.5477611940298508 0.02326757713707638 0.004690831556503198
0 0.49038947900859886 0.058422174840085286 0.00556398583712696 0.013646055437100213
0 0.6406170966110268 0.06311300639658848 0.004552352048558422 0.0042643923240938165
0 0.14618108244815378 0.6592750533049041 0.027314112291350532 0.0042643923240938165
0 0.6429135053110774 0.6759658848614073 0.011638846737481032 0.004771855010660981
0 0.5795245321193728 0.7509168443496802 0.004992412746585736 0.0067121535181236675
0 0.15022761760242792 0.7925373134328358 0.026302478502781994 0.004690831556503198
0 0.4544764795144158 0.9104477611940298 0.004552352048558422 0.0042643923240938165
0 0.5538694992412747 0.917910447761194 0.010116337885685382 0.005543710021321962
0 0.9554881133029843 0.9219616204690831 0.01112797167425392 0.008528784648187633
0 0.5963581183611533 0.9304904051172708 0.005058168942842691 0.00511727078891258
0 0.60900354071826 0.9309168443496801 0.006069802731411229 0.005970149253731343
0 0.7309054122407689 0.9609808102345416 0.005058168942842691 0.005543710021321962
0 0.8381385938290339 0.9752665245202559 0.015174506828528073 0.00511727078891258
0 0.7207890743550834 0.11023454157782515 0.025290844714213456 0.005543710021321962
0 0.16919575113808802 0.011727078891257996 0.0035407182599898838 0.005543710021321962
0 0.5207384926656551 0.12601279317697228 0.01163378856853819 0.00810234541577825
0 0.2943854324734446 0.01279317697228145 0.004046535154274153 0.00511727078891258
0 0.11987860394537178 0.13837953091684435 0.013151239251390997 0.005543710021321962
0 0.17450682852807284 0.15692963752665245 0.004046535154274153 0.0042643923240938165
0 0.4327263530601922 0.015991471215351813 0.004552352048558422 0.004690831556503198
0 0.3002023267577137 0.15884861407249468 0.0035407182599898838 0.003837953091684435
0 0.4223571067273647 0.16119402985074627 0.004046535154274153 0.005970149253731343
0 0.8750632271117855 0.16183368869936035 0.006069802731411229 0.020895522388059702
0 0.1186140617096611 0.01812366737739872 0.017703591299949417 0.004690831556503198
0 0.48634294385432475 0.19914712153518124 0.0035407182599898838 0.01279317697228145
0 0.7245827010622155 0.2462686567164179 0.020738492665655032 0.005543710021321962
0 0.6462923621648963 0.002878464818763326 0.007551846231664138 0.005761194029850746
0 0.5308548305513404 0.26417910447761195 0.013657056145675266 0.005543710021321962
0 0.6573090541224077 0.2678038379530917 0.014668689934243804 0.00511727078891258
0 0.12089023773394031 0.2769722814498934 0.014162873039959535 0.004690831556503198
0 0.9094587759231159 0.2987206823027719 0.005058168942842691 0.006396588486140725
0 0.31208902377339404 0.2987206823027719 0.005058168942842691 0.006396588486140725
0 0.43070308548305514 0.3 0.004552352048558422 0.007249466950959489
0 0.49645928174001014 0.31791044776119404 0.009610520991401113 0.009808102345415778
0 0.15174506828528073 0.3183368869936034 0.005058168942842691 0.004690831556503198
0 0.7182599898836621 0.38656716417910447 0.018209408194233688 0.005543710021321962
0 0.6727364693980779 0.41321961620469083 0.012139605462822459 0.00511727078891258
0 0.12999494183105717 0.4142857142857143 0.012139605462822459 0.005543710021321962