0 0.17061728395061726 0.6596916299559471 0.008037037037037037 0.009244808055380742
0 0.1452716049382716 0.6857898049087476 0.007858024691358025 0.01066708621774701
0 0.5552469135802469 0.6932032724984267 0.011728395061728396 0.009439899307740718
0 0.08549382716049382 0.07866582756450598 0.019135802469135803 0.02391441157960982
0 0.4719135802469136 0.8480176211453745 0.011728395061728396 0.005663939584644431
0 0.9438271604938272 0.8502202643171806 0.008641975308641974 0.007551919446192574
0 0.2972222222222222 0.880742605412209 0.008024691358024692 0.008181246066708621
0 0.05339506172839506 0.8823159219634991 0.015432098765432098 0.00881057268722467
0 0.809858024691358 0.09025802391441157 0.01998148148148148 0.01920075519194462
0 0.24660493827160493 0.9537444933920705 0.004320987654320987 0.009439899307740718
0 0.20987654320987653 0.1170547514159849 0.01728395061728395 0.025173064820641914
0 0.3253086419753086 0.1595342983008181 0.018518518518518517 0.02076777847702958
0 0.6216049382716049 0.1658275645059786 0.01728395061728395 0.02957835116425425
0 0.4527777777777778 0.20358716173694147 0.014197530864197531 0.027061044682190057
0 0.8657407407407407 0.22970421648835745 0.021604938271604937 0.030207677784770296
0 0.09195061728395063 0.24838263058527377 0.009172839506172838 0.008753933291378226
0 0.2554135802469136 0.3031466331025802 0.01287037037037037 0.014719949653870358
0 0.7130123456790123 0.3166834487098804 0.021549382716049382 0.018735053492762745
0 0.03793827160493827 0.35268093140339835 0.01728395061728395 0.009439899307740718
0 0.14580864197530866 0.36973568281938324 0.011395061728395063 0.00830081812460667
0 0.5055555555555555 0.5119572057898049 0.006172839506172839 0.010698552548772814
0 0.6530864197530865 0.5195091252359975 0.013580246913580247 0.006922592825676526
0 0.018950617283950616 0.6173253618628067 0.008512345679012346 0.013190685966016363